###
# Configuration for the board (8 players)
# It is meant to be read line-by-line
# Arguments are separated by a ";"-Character
#  First arg: Row of the object
# Second arg: Column of the object
#  Third arg: Type of the object (int is for enum-recognition
#   More arg: arguments for the constructor (depends on type)
###
# Home (top-left)
3;8;0;5;7;0
3;9;0;5;7;0
4;8;0;5;7;0
4;9;0;5;7;0
# Goal
7;7;2;8;8;0
8;8;2;9;9;0
9;9;2;10;10;0
10;10;2;10;10;0
# Home (top-mid)
2;14;0;4;13;1
2;15;0;4;13;1
3;14;0;4;13;1
3;15;0;4;13;1
# Goal
5;12;2;6;12;1
6;12;2;7;12;1
7;12;2;8;12;1
8;12;2;8;12;1
# Home (top-right)
8;20;0;7;19;2
8;21;0;7;19;2
9;20;0;7;19;2
9;21;0;7;19;2
# Goal
7;17;2;8;16;2
8;16;2;9;15;2
9;15;2;10;14;2
10;14;2;10;14;2
# Home (mid-left)
9;2;0;11;4;3
9;3;0;11;4;3
10;2;0;11;4;3
10;3;0;11;4;3
# Goal
12;5;2;12;6;3
12;6;2;12;7;3
12;7;2;12;8;3
12;8;2;12;8;3
# Home (mid-right)
14;21;0;13;20;4
14;22;0;13;20;4
15;21;0;13;20;4
15;22;0;13;20;4
# Goal
12;19;2;12;18;4
12;18;2;12;17;4
12;17;2;12;16;4
12;16;2;12;16;4
# Home (bottom-left)
15;3;0;17;5;5
15;4;0;17;5;5
16;3;0;17;5;5
16;4;0;17;5;5
# Goal
17;7;2;16;8;5
16;8;2;15;9;5
15;9;2;14;10;5
14;10;2;14;10;5
# Home (bottom-mid)
21;9;0;20;11;6
21;10;0;20;11;6
22;9;0;20;11;6
22;10;0;20;11;6
# Goal
19;12;2;18;12;6
18;12;2;17;12;6
17;12;2;16;12;6
16;12;2;16;12;6
# Home (bottom-right)
20;15;0;19;17;7
20;16;0;19;17;7
21;15;0;19;17;7
21;16;0;19;17;7
# Goal
17;17;2;16;16;7
16;16;2;15;15;7
15;15;2;14;14;7
14;14;2;14;14;7
# Waypoints
5;7;1;6;8
6;8;1;7;9
7;9;1;8;10
8;10;1;8;11
8;11;1;7;11
7;11;1;6;11
6;11;1;5;11
5;11;1;4;11
4;11;1;4;12
4;12;1;4;13
4;13;1;5;13
5;13;1;6;13
6;13;1;7;13
7;13;1;8;13
8;13;1;8;14
8;14;1;7;15
7;15;1;6;16
6;16;1;5;17
5;17;1;6;18
6;18;1;7;19
7;19;1;8;18
8;18;1;9;17
9;17;1;19;16
10;16;1;11;16
11;16;1;11;17
11;17;1;11;18
11;18;1;11;19
11;19;1;11;20
11;20;1;12;20
12;20;1;13;20
13;20;1;13;19
13;19;1;13;18
13;18;1;13;17
13;17;1;13;16
13;16;1;14;16
14;16;1;15;17
15;17;1;16;18
16;18;1;17;19
17;19;1;18;18
18;18;1;19;17
19;17;1;18;16
18;16;1;17;15
17;15;1;16;14
16;14;1;16;13
16;13;1;17;13
17;13;1;18;13
18;13;1;19;13
19;13;1;20;13
20;13;1;20;12
20;12;1;20;11
20;11;1;19;11
19;11;1;18;11
18;11;1;17;11
17;11;1;16;11
16;11;1;16;10
16;10;1;17;9
17;9;1;18;8
18;8;1;19;7
19;7;1;18;6
18;6;1;17;5
17;5;1;16;6
16;6;1;15;7
15;7;1;14;8
14;8;1;13;8
13;8;1;13;7
13;7;1;13;6
13;6;1;13;5
13;5;1;13;4
13;4;1;12;4
12;4;1;11;4
11;4;1;11;5
11;5;1;11;6
11;6;1;11;7
11;7;1;11;8
11;8;1;10;8
10;8;1;9;7
9;7;1;8;6
8;6;1;7;5
7;5;1;6;6
6;6;1;5;7
# Just a prototype